0101001101 – 011101000100010011101000100010011101000100010
0101001101 – 011101000100010011101000100010011101000100010
01001100001001100010001100110000001100110011100100111011011011110111001001101001011001110110100101101110011001010010000001100100011101010010000001110
10001101001011100110111001101110101001000000111001001100101011011010110111101101110011101000110010100100000001001100110000101100111011100100110000101
11011001100101001110110010000001101100011011110110111001100111011101000110010101101101011100000111001100100000011000010111011001100001011011100111010
00010000001001010001001100110010101100001011000110111010101110100011001010011101101110011011101010111001100100000010000110110100001110010011010010111001101110100
« 01111001011011110110110001101111 »
01000001011010000010000001101110011011110110111000101100001000000101000001101100011101010111010001101111001000000110001100100110001000110011000000110
01100111001001110110110010101110011011101000010000001101100011001010010000001100011011010000110100101100101011011100010000001100100011001010010000001
00110101101001011000110110101101100101011110010010111000100000010011000010011000100011001100000011001100111001001110110110000101101101011010010010000
00110010001100101001000000100110101101001011000110110101101100101011110010010000001100011001001100010001100110000001100110011100100111011011001010111
0011011101000010000001000100011010010110111001100111011011110010111000001010
01000100011101010010000001110011011101010110001101110010011001010011111100100000010011110111010101101001001000000111001101100101011010010111101001100
101
La Rédaction